Step: 1 
[ 1  2  4  8  5  7 11 10 13  0 15  3 14  6  9 12] 
Step: 2 
[ 1  2  4  8  5  7 11 10 13  6 15  3 14  0  9 12] 
Step: 3 
[ 1  2  4  8  5  7 11 10 13  6 15  3 14  9  0 12] 
Step: 4 
[ 1  2  4  8  5  7 11 10 13  6  0  3 14  9 15 12] 
Step: 5 
[ 1  2  4  8  5  7  0 10 13  6 11  3 14  9 15 12] 
Step: 6 
[ 1  2  4  8  5  7 10  0 13  6 11  3 14  9 15 12] 
Step: 7 
[ 1  2  4  8  5  7 10  3 13  6 11  0 14  9 15 12] 
Step: 8 
[ 1  2  4  8  5  7 10  3 13  6  0 11 14  9 15 12] 
Step: 9 
[ 1  2  4  8  5  7  0  3 13  6 10 11 14  9 15 12] 
Step: 10 
[ 1  2  4  8  5  7  3  0 13  6 10 11 14  9 15 12] 
Step: 11 
[ 1  2  4  0  5  7  3  8 13  6 10 11 14  9 15 12] 
Step: 12 
[ 1  2  0  4  5  7  3  8 13  6 10 11 14  9 15 12] 
Step: 13 
[ 1  2  3  4  5  7  0  8 13  6 10 11 14  9 15 12] 
Step: 14 
[ 1  2  3  4  5  0  7  8 13  6 10 11 14  9 15 12] 
Step: 15 
[ 1  2  3  4  5  6  7  8 13  0 10 11 14  9 15 12] 
Step: 16 
[ 1  2  3  4  5  6  7  8 13  9 10 11 14  0 15 12] 
Step: 17 
[ 1  2  3  4  5  6  7  8 13  9 10 11  0 14 15 12] 
Step: 18 
[ 1  2  3  4  5  6  7  8  0  9 10 11 13 14 15 12] 
Step: 19 
[ 1  2  3  4  5  6  7  8  9  0 10 11 13 14 15 12] 
Step: 20 
[ 1  2  3  4  5  6  7  8  9 10  0 11 13 14 15 12] 
Step: 21 
[ 1  2  3  4  5  6  7  8  9 10 11  0 13 14 15 12] 
Step: 22 
[ 1  2  3  4  5  6  7  8  9 10 11 12 13 14 15  0] 
Test 1, Step 22 
Time 0.012008

Step: 1 
[ 5  1  3  4  2  7  8 12  9  6 11 15 13  0 10 14] 
Step: 2 
[ 5  1  3  4  2  7  8 12  9  6 11 15 13 10  0 14] 
Step: 3 
[ 5  1  3  4  2  7  8 12  9  6 11 15 13 10 14  0] 
Step: 4 
[ 5  1  3  4  2  7  8 12  9  6 11  0 13 10 14 15] 
Step: 5 
[ 5  1  3  4  2  7  8  0  9  6 11 12 13 10 14 15] 
Step: 6 
[ 5  1  3  4  2  7  0  8  9  6 11 12 13 10 14 15] 
Step: 7 
[ 5  1  3  4  2  0  7  8  9  6 11 12 13 10 14 15] 
Step: 8 
[ 5  1  3  4  0  2  7  8  9  6 11 12 13 10 14 15] 
Step: 9 
[ 0  1  3  4  5  2  7  8  9  6 11 12 13 10 14 15] 
Step: 10 
[ 1  0  3  4  5  2  7  8  9  6 11 12 13 10 14 15] 
Step: 11 
[ 1  2  3  4  5  0  7  8  9  6 11 12 13 10 14 15] 
Step: 12 
[ 1  2  3  4  5  6  7  8  9  0 11 12 13 10 14 15] 
Step: 13 
[ 1  2  3  4  5  6  7  8  9 10 11 12 13  0 14 15] 
Step: 14 
[ 1  2  3  4  5  6  7  8  9 10 11 12 13 14  0 15] 
Step: 15 
[ 1  2  3  4  5  6  7  8  9 10 11 12 13 14 15  0] 
Test 2, Step 15 
Time 0.001008

Step: 1 
[14 10  0  6  4  9  1  8  2  3  5 11 12 13  7 15] 
Step: 2 
[14  0 10  6  4  9  1  8  2  3  5 11 12 13  7 15] 
Step: 3 
[14  9 10  6  4  0  1  8  2  3  5 11 12 13  7 15] 
Step: 4 
[14  9 10  6  0  4  1  8  2  3  5 11 12 13  7 15] 
Step: 5 
[ 0  9 10  6 14  4  1  8  2  3  5 11 12 13  7 15] 
Step: 6 
[ 9  0 10  6 14  4  1  8  2  3  5 11 12 13  7 15] 
Step: 7 
[ 9 10  0  6 14  4  1  8  2  3  5 11 12 13  7 15] 
Step: 8 
[ 9 10  1  6 14  4  0  8  2  3  5 11 12 13  7 15] 
Step: 9 
[ 9 10  1  6 14  0  4  8  2  3  5 11 12 13  7 15] 
Step: 10 
[ 9  0  1  6 14 10  4  8  2  3  5 11 12 13  7 15] 
Step: 11 
[ 9  1  0  6 14 10  4  8  2  3  5 11 12 13  7 15] 
Step: 12 
[ 9  1  4  6 14 10  0  8  2  3  5 11 12 13  7 15] 
Step: 13 
[ 9  1  4  6 14  0 10  8  2  3  5 11 12 13  7 15] 
Step: 14 
[ 9  1  4  6 14  3 10  8  2  0  5 11 12 13  7 15] 
Step: 15 
[ 9  1  4  6 14  3 10  8  0  2  5 11 12 13  7 15] 
Step: 16 
[ 9  1  4  6  0  3 10  8 14  2  5 11 12 13  7 15] 
Step: 17 
[ 0  1  4  6  9  3 10  8 14  2  5 11 12 13  7 15] 
Step: 18 
[ 1  0  4  6  9  3 10  8 14  2  5 11 12 13  7 15] 
Step: 19 
[ 1  3  4  6  9  0 10  8 14  2  5 11 12 13  7 15] 
Step: 20 
[ 1  3  4  6  9  2 10  8 14  0  5 11 12 13  7 15] 
Step: 21 
[ 1  3  4  6  9  2 10  8 14  5  0 11 12 13  7 15] 
Step: 22 
[ 1  3  4  6  9  2 10  8 14  5 11  0 12 13  7 15] 
Step: 23 
[ 1  3  4  6  9  2 10  0 14  5 11  8 12 13  7 15] 
Step: 24 
[ 1  3  4  0  9  2 10  6 14  5 11  8 12 13  7 15] 
Step: 25 
[ 1  3  0  4  9  2 10  6 14  5 11  8 12 13  7 15] 
Step: 26 
[ 1  0  3  4  9  2 10  6 14  5 11  8 12 13  7 15] 
Step: 27 
[ 1  2  3  4  9  0 10  6 14  5 11  8 12 13  7 15] 
Step: 28 
[ 1  2  3  4  9  5 10  6 14  0 11  8 12 13  7 15] 
Step: 29 
[ 1  2  3  4  9  5 10  6  0 14 11  8 12 13  7 15] 
Step: 30 
[ 1  2  3  4  9  5 10  6 12 14 11  8  0 13  7 15] 
Step: 31 
[ 1  2  3  4  9  5 10  6 12 14 11  8 13  0  7 15] 
Step: 32 
[ 1  2  3  4  9  5 10  6 12  0 11  8 13 14  7 15] 
Step: 33 
[ 1  2  3  4  9  5 10  6  0 12 11  8 13 14  7 15] 
Step: 34 
[ 1  2  3  4  0  5 10  6  9 12 11  8 13 14  7 15] 
Step: 35 
[ 1  2  3  4  5  0 10  6  9 12 11  8 13 14  7 15] 
Step: 36 
[ 1  2  3  4  5 10  0  6  9 12 11  8 13 14  7 15] 
Step: 37 
[ 1  2  3  4  5 10  6  0  9 12 11  8 13 14  7 15] 
Step: 38 
[ 1  2  3  4  5 10  6  8  9 12 11  0 13 14  7 15] 
Step: 39 
[ 1  2  3  4  5 10  6  8  9 12  0 11 13 14  7 15] 
Step: 40 
[ 1  2  3  4  5 10  6  8  9  0 12 11 13 14  7 15] 
Step: 41 
[ 1  2  3  4  5  0  6  8  9 10 12 11 13 14  7 15] 
Step: 42 
[ 1  2  3  4  5  6  0  8  9 10 12 11 13 14  7 15] 
Step: 43 
[ 1  2  3  4  5  6  8  0  9 10 12 11 13 14  7 15] 
Step: 44 
[ 1  2  3  4  5  6  8 11  9 10 12  0 13 14  7 15] 
Step: 45 
[ 1  2  3  4  5  6  8 11  9 10  0 12 13 14  7 15] 
Step: 46 
[ 1  2  3  4  5  6  8 11  9 10  7 12 13 14  0 15] 
Step: 47 
[ 1  2  3  4  5  6  8 11  9 10  7 12 13 14 15  0] 
Step: 48 
[ 1  2  3  4  5  6  8 11  9 10  7  0 13 14 15 12] 
Step: 49 
[ 1  2  3  4  5  6  8  0  9 10  7 11 13 14 15 12] 
Step: 50 
[ 1  2  3  4  5  6  0  8  9 10  7 11 13 14 15 12] 
Step: 51 
[ 1  2  3  4  5  6  7  8  9 10  0 11 13 14 15 12] 
Step: 52 
[ 1  2  3  4  5  6  7  8  9 10 11  0 13 14 15 12] 
Step: 53 
[ 1  2  3  4  5  6  7  8  9 10 11 12 13 14 15  0] 
Test 3, Step 53 
Time 508.035001

Step: 1 
[ 6 10  3 15 14  8  7 11  5  1  9  2 13 12  0  4] 
Step: 2 
[ 6 10  3 15 14  8  7 11  5  1  9  2 13  0 12  4] 
Step: 3 
[ 6 10  3 15 14  8  7 11  5  1  9  2  0 13 12  4] 
Step: 4 
[ 6 10  3 15 14  8  7 11  0  1  9  2  5 13 12  4] 
Step: 5 
[ 6 10  3 15 14  8  7 11  1  0  9  2  5 13 12  4] 
Step: 6 
[ 6 10  3 15 14  8  7 11  1  9  0  2  5 13 12  4] 
Step: 7 
[ 6 10  3 15 14  8  0 11  1  9  7  2  5 13 12  4] 
Step: 8 
[ 6 10  3 15 14  8 11  0  1  9  7  2  5 13 12  4] 
Step: 9 
[ 6 10  3 15 14  8 11  2  1  9  7  0  5 13 12  4] 
Step: 10 
[ 6 10  3 15 14  8 11  2  1  9  7  4  5 13 12  0] 
Step: 11 
[ 6 10  3 15 14  8 11  2  1  9  7  4  5 13  0 12] 
Step: 12 
[ 6 10  3 15 14  8 11  2  1  9  7  4  5  0 13 12] 
Step: 13 
[ 6 10  3 15 14  8 11  2  1  0  7  4  5  9 13 12] 
Step: 14 
[ 6 10  3 15 14  8 11  2  1  7  0  4  5  9 13 12] 
Step: 15 
[ 6 10  3 15 14  8  0  2  1  7 11  4  5  9 13 12] 
Step: 16 
[ 6 10  3 15 14  8  2  0  1  7 11  4  5  9 13 12] 
Step: 17 
[ 6 10  3  0 14  8  2 15  1  7 11  4  5  9 13 12] 
Step: 18 
[ 6 10  0  3 14  8  2 15  1  7 11  4  5  9 13 12] 
Step: 19 
[ 6 10  2  3 14  8  0 15  1  7 11  4  5  9 13 12] 
Step: 20 
[ 6 10  2  3 14  8 15  0  1  7 11  4  5  9 13 12] 
Step: 21 
[ 6 10  2  3 14  8 15  4  1  7 11  0  5  9 13 12] 
Step: 22 
[ 6 10  2  3 14  8 15  4  1  7  0 11  5  9 13 12] 
Step: 23 
[ 6 10  2  3 14  8  0  4  1  7 15 11  5  9 13 12] 
Step: 24 
[ 6 10  2  3 14  0  8  4  1  7 15 11  5  9 13 12] 
Step: 25 
[ 6 10  2  3  0 14  8  4  1  7 15 11  5  9 13 12] 
Step: 26 
[ 6 10  2  3  1 14  8  4  0  7 15 11  5  9 13 12] 
Step: 27 
[ 6 10  2  3  1 14  8  4  5  7 15 11  0  9 13 12] 
Step: 28 
[ 6 10  2  3  1 14  8  4  5  7 15 11  9  0 13 12] 
Step: 29 
[ 6 10  2  3  1 14  8  4  5  7 15 11  9 13  0 12] 
Step: 30 
[ 6 10  2  3  1 14  8  4  5  7  0 11  9 13 15 12] 
Step: 31 
[ 6 10  2  3  1 14  8  4  5  0  7 11  9 13 15 12] 
Step: 32 
[ 6 10  2  3  1  0  8  4  5 14  7 11  9 13 15 12] 
Step: 33 
[ 6  0  2  3  1 10  8  4  5 14  7 11  9 13 15 12] 
Step: 34 
[ 0  6  2  3  1 10  8  4  5 14  7 11  9 13 15 12] 
Step: 35 
[ 1  6  2  3  0 10  8  4  5 14  7 11  9 13 15 12] 
Step: 36 
[ 1  6  2  3  5 10  8  4  0 14  7 11  9 13 15 12] 
Step: 37 
[ 1  6  2  3  5 10  8  4  9 14  7 11  0 13 15 12] 
Step: 38 
[ 1  6  2  3  5 10  8  4  9 14  7 11 13  0 15 12] 
Step: 39 
[ 1  6  2  3  5 10  8  4  9  0  7 11 13 14 15 12] 
Step: 40 
[ 1  6  2  3  5  0  8  4  9 10  7 11 13 14 15 12] 
Step: 41 
[ 1  0  2  3  5  6  8  4  9 10  7 11 13 14 15 12] 
Step: 42 
[ 1  2  0  3  5  6  8  4  9 10  7 11 13 14 15 12] 
Step: 43 
[ 1  2  3  0  5  6  8  4  9 10  7 11 13 14 15 12] 
Step: 44 
[ 1  2  3  4  5  6  8  0  9 10  7 11 13 14 15 12] 
Step: 45 
[ 1  2  3  4  5  6  0  8  9 10  7 11 13 14 15 12] 
Step: 46 
[ 1  2  3  4  5  6  7  8  9 10  0 11 13 14 15 12] 
Step: 47 
[ 1  2  3  4  5  6  7  8  9 10 11  0 13 14 15 12] 
Step: 48 
[ 1  2  3  4  5  6  7  8  9 10 11 12 13 14 15  0] 
Test 4, Step 48 
Time 189.644623